 -0.233173064455784      -1.726085760989486E-014
 -0.179311580407830       0.599276589210896     
 -0.113835410398306        2.02334823633405     
 -3.377424903230840E-002   3.29344091760721     
  6.280657482180529E-002   2.44823558960316     
  0.172463464897357        3.70598290214556     
  0.279851409459789        4.24893551380565     
  0.361421771774552        4.87625750769315     
  0.408463924314678        5.53642781569710     
  0.432956362085520        5.59206942626281     
  0.447165061144818        6.17951210141530     
  0.456227913861999        6.42999789619033     
  0.461677915435648        6.02478145789816     
  0.463979717793461        6.13264717539195     
  0.463311885682891        6.46213765478647     
  0.459749257421551        5.78360174139301     
  0.453304085419194        5.45594234520064     
  0.443935563662477        5.22156688265914     
  0.431548992611915        4.74094986681192     
  0.415988115064266        4.37486306248672     
  0.397020237821766        3.75334529261796     
  0.374311982541690        3.76908125545101     
  0.347391746762365        1.87087770571183     
  0.315592781083422        1.27191755119231     
  0.277968606345999        1.02611409218668     
  0.233173064455785       3.112334534260484E-014
  0.179311580407831      -0.591000163124819     
  0.113835410398306       -1.87724770322485     
  3.377424903230966E-002  -3.05999719728347     
 -6.280657482180493E-002  -2.79837990864212     
 -0.172463464897357       -3.80735987316484     
 -0.279851409459789       -4.19062076810692     
 -0.361421771774553       -4.63311171341682     
 -0.408463924314679       -5.42961413001460     
 -0.432956362085520       -5.42901030415475     
 -0.447165061144818       -5.76357446814433     
 -0.456227913861999       -5.96879345923882     
 -0.461677915435648       -6.24717714039826     
 -0.463979717793461       -6.19423196937248     
 -0.463311885682891       -6.06363628824839     
 -0.459749257421551       -5.82041354825240     
 -0.453304085419194       -5.43881369760795     
 -0.443935563662477       -5.43114839951716     
 -0.431548992611915       -4.94181477189988     
 -0.415988115064267       -4.50190932451317     
 -0.397020237821766       -3.75667830572823     
 -0.374311982541690       -2.28474592928272     
 -0.347391746762365       -2.12626009331187     
 -0.315592781083423       -1.45783331021743     
 -0.277968606345999       -1.02114484388006     
 -0.233173064455785      -1.984949427057371E-014
